0 40 6146 6663
1 40 2893 2999
2 40 1833 1893
3 40 791 812
4 39 4339 4495
5 39 664 684
6 38 4505 5262
7 38 1616 1671
8 38 1127 1218
9 37 1005 1149
10 36 17821 20221
11 36 13756 15492
12 36 5988 6672
13 36 6084 6340
14 36 2880 3091
15 36 698 778
16 36 1723 1767
17 36 945 980
18 36 763 819
19 36 372 418
20 36 586 626
21 36 414 459
22 35 6269 6791
23 35 7602 8027
24 35 5412 5733
25 35 1591 1776
26 35 3618 3662
27 35 992 997
28 35 326 334
29 34 8333 9143
30 34 3588 3659
31 34 1480 1559
32 34 2573 2791
33 34 1751 1879
34 34 924 1043
35 34 821 888
36 34 1254 1351
37 34 686 754
38 34 349 399
39 34 361 415
40 33 5627 5729
41 33 4320 5121
42 33 2414 2682
43 33 4006 4146
44 33 2452 2524
45 33 1496 1543
46 33 1797 1811
47 33 963 1003
48 33 1820 1825
49 33 1396 1396
50 33 1092 1166
51 33 930 952
52 33 815 840
53 33 169 185
54 32 12977 14479
55 32 6547 6824
56 32 8142 8371
57 32 6643 6766
58 32 8166 8273
59 32 4149 4782
60 32 4207 4475
61 32 4864 5231
62 32 1605 1701
63 32 3149 3188
64 32 1456 1557
65 32 2159 2348
66 32 1549 1637
67 32 878 995
68 32 1467 1541
69 32 925 1002
70 32 554 559
71 32 759 814
72 32 583 613
73 32 373 410
74 32 328 337
75 32 348 399
76 32 445 486
77 32 70 73
78 31 10667 11353
79 31 10915 12549
80 31 11038 11849
81 31 12069 12976
82 31 8417 8548
83 31 5838 6105
84 31 3706 3992
85 31 4377 4683
86 31 1372 1543
87 31 2518 2800
88 31 4482 4697
89 31 1562 1660
90 31 2254 2309
91 31 3071 3172
92 31 1508 1630
93 31 2500 2506
94 31 1773 1905
95 31 601 675
96 31 306 353
97 31 230 269
98 31 226 229
99 31 171 174
