0 41 5083 5530 inadmissible
1 42 2771 3049 inadmissible
2 40 1784 1824
3 40 775 809
4 39 4102 4284
5 39 644 676
6 38 3346 3629
7 38 1465 1660
8 38 1041 1099
9 37 687 810
10 36 11493 12979
11 36 10270 11535
12 37 4416 5089 inadmissible
13 37 5542 6208 inadmissible
14 36 2717 2952
15 37 627 667 inadmissible
16 36 1625 1717
17 36 927 952
18 37 704 764 inadmissible
19 36 331 357
20 36 549 597
21 36 373 426
22 35 5133 5596
23 36 6775 7484 inadmissible
24 35 4797 4927
25 35 1066 1271
26 35 3552 3625
27 35 971 989
28 35 322 328
29 34 7257 7593
30 34 3514 3547
31 34 1337 1410
32 35 2040 2414 inadmissible
33 34 1540 1713
34 34 798 916
35 35 767 818 inadmissible
36 34 1006 1086
37 34 558 647
38 34 296 350
39 34 303 378
40 34 5468 5637 inadmissible
41 33 2719 2975
42 33 1987 2173
43 33 3894 4023
44 33 2354 2444
45 33 1373 1485
46 33 1772 1817
47 34 839 939 inadmissible
48 33 1819 1852
49 33 1396 1401
50 33 875 991
51 34 916 946 inadmissible
52 33 806 834
53 33 155 173
54 32 10054 11523
55 32 6244 6436
56 32 7836 8275
57 32 6172 6632
58 32 8054 8265
59 32 3087 3497
60 33 3855 4087 inadmissible
61 32 3887 4353
62 32 1402 1472
63 32 3100 3246
64 32 1324 1420
65 32 1789 1858
66 32 1365 1547
67 32 610 690
68 34 1344 1463 inadmissible
69 32 835 862
70 32 550 566
71 32 707 756
72 32 536 575
73 32 317 344
74 32 323 330
75 32 247 278
76 32 416 462
77 32 70 74
78 31 8745 9471
79 31 7781 8635
80 31 8734 9775
81 31 9775 11172
82 31 8278 8392
83 31 5238 5764
84 31 3354 3585
85 31 3786 4085
86 31 1201 1410
87 31 1691 1953
88 32 3965 4265 inadmissible
89 31 1296 1369
90 31 1986 2347
91 31 2942 3091
92 31 1292 1405
93 32 2497 2511 inadmissible
94 31 1506 1672
95 31 496 581
96 31 274 325
97 31 202 242
98 31 225 228
99 31 170 173
