0 42 4909 5371 inadmissible
1 42 2685 3211 inadmissible
2 40 1758 1813
3 40 743 796
4 40 4037 4243 inadmissible
5 39 624 676
6 38 3160 3360
7 38 1303 1517
8 38 997 1033
9 37 559 659
10 36 9852 10836
11 36 9709 10908
12 36 4482 5266
13 36 4887 5376
14 36 2449 2567
15 37 601 628 inadmissible
16 37 1556 1623 inadmissible
17 36 917 944
18 37 677 761 inadmissible
19 36 323 348
20 36 504 532
21 36 338 386
22 36 4896 5426 inadmissible
23 35 5951 6504
24 37 4703 5035 inadmissible
25 35 965 1161
26 35 3539 3624
27 37 952 1013 inadmissible
28 35 322 329
29 34 6909 7152
30 34 3503 3529
31 34 1287 1414
32 34 1792 2183
33 34 1414 1696
34 35 792 914 inadmissible
35 35 742 782 inadmissible
36 35 962 1034 inadmissible
37 34 502 586
38 34 269 323
39 34 298 388
40 33 5293 5686
41 36 2677 2907 inadmissible
42 33 1846 1958
43 33 3772 3904
44 34 2361 2592 inadmissible
45 33 1340 1446
46 34 1776 1866 inadmissible
47 34 862 978 inadmissible
48 35 1778 1846 inadmissible
49 33 1396 1414
50 34 796 922 inadmissible
51 35 906 941 inadmissible
52 34 814 842 inadmissible
53 33 149 172
54 32 8752 9943
55 32 6132 6335
56 32 7372 7996
57 32 5925 6782
58 33 7661 7918 inadmissible
59 32 2751 3015
60 34 3933 4228 inadmissible
61 32 3599 3995
62 33 1359 1419 inadmissible
63 33 2904 3261 inadmissible
64 33 1277 1405 inadmissible
65 32 1768 1843
66 33 1222 1504 inadmissible
67 32 537 588
68 32 1250 1440
69 32 815 859
70 32 538 555
71 32 685 754
72 32 515 555
73 33 301 327 inadmissible
74 32 321 330
75 32 250 283
76 34 380 434 inadmissible
77 32 70 74
78 31 8423 9160
79 31 7115 7778
80 32 7787 8607 inadmissible
81 31 9361 10882
82 31 8269 8547
83 31 4970 5478
84 31 3140 3310
85 32 3688 4002 inadmissible
86 32 1007 1129 inadmissible
87 31 1564 1799
88 32 3870 4252 inadmissible
89 31 1284 1354
90 31 1953 2523
91 31 2801 2999
92 31 1257 1366
93 31 2495 2540
94 33 1491 1671 inadmissible
95 31 443 516
96 31 259 308
97 31 179 219
98 31 225 230
99 31 168 173
