0 43 5120 5892 inadmissible
1 42 2721 3151 inadmissible
2 40 1740 1839
3 51 580 840 inadmissible
4 40 3993 4254 inadmissible
5 41 601 667 inadmissible
6 38 3041 3284
7 40 1278 1553 inadmissible
8 40 927 1080 inadmissible
9 39 507 625 inadmissible
10 36 10113 11255
11 38 9848 11234 inadmissible
12 37 4490 5219 inadmissible
13 36 5010 5760
14 36 2378 2686
15 38 587 707 inadmissible
16 37 1556 1733 inadmissible
17 37 896 928 inadmissible
18 38 681 791 inadmissible
19 38 317 363 inadmissible
20 36 425 486
21 39 324 423 inadmissible
22 36 4703 5306 inadmissible
23 37 6155 6894 inadmissible
24 36 4690 4970 inadmissible
25 41 938 1182 inadmissible
26 36 3557 3644 inadmissible
27 35 903 967
28 35 317 330
29 34 6860 7135
30 34 3503 3561
31 34 1290 1417
32 36 1680 2104 inadmissible
33 37 1436 1899 inadmissible
34 35 815 960 inadmissible
35 36 713 791 inadmissible
36 34 926 988
37 37 357 472 inadmissible
38 34 212 249
39 36 210 275 inadmissible
40 33 4874 5392
41 36 2532 2671 inadmissible
42 35 1789 1890 inadmissible
43 33 3479 3959
44 33 2139 2505
45 34 1331 1483 inadmissible
46 33 1699 1844
47 38 884 1041 inadmissible
48 35 1771 1848 inadmissible
49 34 1396 1440 inadmissible
50 37 800 1012 inadmissible
51 35 887 946 inadmissible
52 34 817 842 inadmissible
53 33 126 154
54 33 8556 9739 inadmissible
55 33 5990 6548 inadmissible
56 32 6273 6746
57 32 5910 6803
58 33 7841 8150 inadmissible
59 32 2879 3316
60 33 3876 4364 inadmissible
61 32 3554 3933
62 33 1350 1414 inadmissible
63 32 2914 3232
64 33 1169 1353 inadmissible
65 32 1762 1841
66 33 1072 1296 inadmissible
67 32 543 610
68 34 1209 1422 inadmissible
69 32 825 893
70 32 535 590
71 33 653 720 inadmissible
72 32 515 571
73 34 285 347 inadmissible
74 32 321 336
75 32 258 308
76 34 302 392 inadmissible
77 32 70 74
78 31 7736 9004
79 31 7119 7915
80 32 7722 8542 inadmissible
81 31 9347 10914
82 32 7988 8921 inadmissible
83 32 5001 5486 inadmissible
84 31 2985 3109
85 32 3581 4005 inadmissible
86 32 972 1203 inadmissible
87 32 1506 1736 inadmissible
88 31 3634 3983
89 32 1219 1299 inadmissible
90 31 1870 2461
91 32 2563 2857 inadmissible
92 32 1256 1425 inadmissible
93 32 2487 2528 inadmissible
94 32 1505 1689 inadmissible
95 34 482 593 inadmissible
96 31 196 248
97 31 138 171
98 32 217 252 inadmissible
99 32 158 173 inadmissible
