28 1208 1387
25 4475 4693
26 2130 2610
24 2677 2931
22 485 501
25 839 962
20 3518 4840
21 347 423
19 1138 1337
20 116 173
18 277 360
18 937 1191
20 1766 1869
20 1197 1586
19 746 814
20 1313 1319
18 274 309
18 3799 4408
17 147 213
17 1748 2380
17 5821 7792
17 349 523
18 2459 3456
16 954 1385
17 1496 1759
18 1387 1776
17 493 569
17 974 1107
16 605 833
16 2671 3079
17 1822 1982
16 3941 4435
16 1323 1776
15 1673 1942
16 1571 1939
16 427 546
15 2865 3094
14 186 214
15 1950 2544
15 946 1166
14 834 1094
15 1937 2700
14 491 685
14 927 983
16 1401 2003
14 1334 1899
15 419 581
15 233 296
14 206 225
13 537 773
13 675 1086
13 617 793
14 594 687
13 541 781
14 179 234
13 791 1159
14 276 435
13 208 313
12 1060 1506
12 731 1144
14 1147 1297
12 956 1485
13 844 1060
12 250 362
12 331 390
12 1582 2144
13 651 753
12 590 890
12 323 500
12 1206 1682
12 720 1122
11 325 553
11 2149 3040
12 804 1279
12 830 1244
12 1622 2527
12 1058 1346
12 276 404
12 825 1078
12 265 423
12 839 1374
11 531 769
12 461 693
11 224 311
10 225 355
12 286 349
10 177 248
10 802 1361
11 269 426
10 543 856
10 682 851
10 1182 1827
10 134 221
10 177 280
10 617 824
8 94 142
8 184 225
8 1308 1917
9 105 181
8 238 389
