29 1313 1491
25 4525 4791
27 1592 1933
25 3065 3487
23 488 498
24 814 913
20 3424 4783
21 378 487
22 1197 1369
19 80 118
19 314 395
18 867 1089
19 1764 1898
21 837 1206
20 778 860
21 1315 1339
18 275 311
19 3458 4202
18 226 329
17 905 1341
18 5079 7092
18 288 447
21 2774 3733
16 1071 1370
18 1605 1943
17 1210 1537
17 528 619
19 1094 1284
16 689 902
15 2582 3095
16 1755 1901
16 3657 4509
15 969 1615
15 1392 1894
16 1520 2089
16 406 535
15 2843 3075
16 182 216
15 1131 1645
15 929 1205
15 945 1347
16 2126 2997
16 545 780
14 930 989
15 857 1282
16 1492 2073
15 527 751
14 257 351
14 197 223
13 449 679
14 413 732
13 694 906
15 615 700
13 595 847
15 155 190
13 693 992
15 330 490
13 277 444
13 1246 1891
12 925 1450
12 1097 1187
15 1010 1520
13 773 982
12 202 298
14 354 423
12 1430 2197
12 568 669
12 455 750
13 251 380
13 1409 2082
13 474 772
11 317 529
11 2041 3222
14 524 870
13 790 1236
12 742 1246
12 806 1021
12 226 334
12 748 966
11 180 272
11 811 1398
12 664 935
12 412 607
14 250 378
10 238 383
11 250 329
10 166 200
10 499 793
11 173 259
9 475 764
10 649 932
11 1309 1964
10 143 223
10 123 179
10 535 743
8 99 155
8 182 206
9 1403 2057
9 124 200
8 179 302
