0 28 1298 1460
1 24 4801 5160
2 25 2214 2663
3 23 2782 3024
4 22 490 497
5 24 899 1022
6 20 3858 4818
7 21 352 440
8 20 1301 1529
9 19 133 190
10 18 355 454
11 18 912 1137
12 20 1901 2129
13 19 1056 1428
14 19 886 1060
15 19 1315 1319
16 18 282 313
17 18 4069 4643
18 17 153 218
19 17 1836 2226
20 17 7177 8701
21 17 464 700
22 17 2687 3718
23 16 1124 1302
24 17 1682 2021
25 17 1397 1737
26 17 587 717
27 16 994 1090
28 16 826 954
29 16 2557 2907
30 15 2027 2290
31 15 4129 4490
32 15 1384 1871
33 15 1738 1975
34 15 1709 2047
35 16 462 585
36 15 2906 3086
37 14 184 197
38 15 2139 2758
39 15 1242 1539
40 15 1007 1353
41 16 2389 2955
42 14 502 657
43 16 1068 1217
44 17 1689 2219
45 14 1484 1976
46 15 586 817
47 14 228 302
48 14 215 236
49 13 642 852
50 13 734 1147
51 13 766 924
52 14 679 812
53 13 845 1216
54 14 176 225
55 13 894 1150
56 14 502 710
57 13 240 373
58 13 1231 1600
59 12 1156 1693
60 12 1189 1314
61 13 788 1202
62 13 808 997
63 13 354 506
64 13 368 438
65 12 1757 2299
66 14 680 799
67 12 710 947
68 12 313 489
69 12 1180 1625
70 13 795 1228
71 11 351 589
72 11 2445 3296
73 12 917 1453
74 12 932 1375
75 12 1622 2527
76 12 974 1258
77 12 323 461
78 12 840 1081
79 12 330 514
80 12 1133 1814
81 11 693 932
82 12 539 822
83 11 281 397
84 11 344 501
85 12 293 352
86 10 187 235
87 10 1334 2246
88 9 170 233
89 10 732 1005
90 10 734 946
91 10 1312 1972
92 10 203 303
93 10 161 234
94 10 545 722
95 8 127 183
96 8 189 216
97 8 1509 2043
98 9 170 265
99 8 268 397
