0 28 1208 1387
1 25 4475 4693
2 26 2130 2610
3 24 2677 2931
4 22 485 501
5 25 839 962
6 20 3518 4840
7 21 347 423
8 19 1138 1337
9 20 116 173
10 18 277 360
11 18 937 1191
12 20 1766 1869
13 20 1197 1586
14 19 746 814
15 20 1313 1319
16 18 274 309
17 18 3799 4408
18 17 147 213
19 17 1748 2380
20 17 5821 7792
21 17 349 523
22 18 2459 3456
23 16 954 1385
24 17 1496 1759
25 18 1387 1776
26 17 493 569
27 17 974 1107
28 16 605 833
29 16 2671 3079
30 17 1822 1982
31 16 3941 4435
32 16 1323 1776
33 15 1673 1942
34 16 1571 1939
35 16 427 546
36 15 2865 3094
37 14 186 214
38 15 1950 2544
39 15 946 1166
40 14 834 1094
41 15 1937 2700
42 14 491 685
43 14 927 983
44 16 1401 2003
45 14 1334 1899
46 15 419 581
47 15 233 296
48 14 206 225
49 13 537 773
50 13 675 1086
51 13 617 793
52 14 594 687
53 13 541 781
54 14 179 234
55 13 791 1159
56 14 276 435
57 13 208 313
58 12 1060 1506
59 12 731 1144
60 14 1147 1297
61 12 956 1485
62 13 844 1060
63 12 250 362
64 12 331 390
65 12 1582 2144
66 13 651 753
67 12 590 890
68 12 323 500
69 12 1206 1682
70 12 720 1122
71 11 325 553
72 11 2149 3040
73 12 804 1279
74 12 830 1244
75 12 1622 2527
76 12 1058 1346
77 12 276 404
78 12 825 1078
79 12 265 423
80 12 839 1374
81 11 531 769
82 12 461 693
83 11 224 311
84 10 225 355
85 12 286 349
86 10 177 248
87 10 802 1361
88 11 269 426
89 10 543 856
90 10 682 851
91 10 1182 1827
92 10 134 221
93 10 177 280
94 10 617 824
95 8 94 142
96 8 184 225
97 8 1308 1917
98 9 105 181
99 8 238 389
