30 1186 1361
36 4461 4741
27 2370 2894
23 2486 2715
22 485 501
24 816 972
20 3679 5001
21 336 410
21 1035 1237
20 83 125
19 231 313
19 751 1118
20 1764 1848
20 816 1150
20 753 866
19 1313 1366
19 316 390
18 3844 4443
18 137 199
17 1724 2370
17 5870 7834
18 249 380
18 2448 3286
20 376 489
17 1468 1745
18 1212 1504
16 503 634
17 932 1182
16 446 669
16 2557 2913
18 1954 2198
15 3749 4567
15 1375 1734
16 1710 1895
16 1551 1919
16 409 523
15 2865 3094
14 182 215
15 1957 2565
15 970 1231
15 774 1008
15 1661 2519
14 443 684
14 927 983
16 1401 2003
15 1288 1845
15 416 580
15 237 291
14 165 219
14 664 1064
15 691 1153
13 583 757
14 548 720
13 262 356
14 161 221
13 802 1175
13 277 468
13 120 210
13 987 1484
12 1053 1607
14 1143 1282
14 1045 1618
13 806 1009
12 377 592
13 337 430
12 1345 1991
12 597 664
12 691 996
13 403 656
13 1078 1406
12 712 1116
11 334 598
11 1972 2872
12 562 888
12 830 1244
12 1622 2527
12 1068 1354
12 297 442
12 805 1071
14 276 436
12 995 1684
11 168 302
12 461 693
11 244 346
10 187 294
12 308 403
11 173 249
10 927 1606
10 91 167
10 543 856
10 682 851
10 1271 1921
10 103 185
10 177 280
10 617 824
8 86 136
8 144 219
9 1360 2080
9 133 231
8 159 271
