0 25 230 247
1 22 142 145
2 21 314 423
3 22 213 244
4 20 382 520
5 20 174 182
6 20 228 282
7 20 291 325
8 17 122 168
9 18 472 574
10 17 187 241
11 16 740 773
12 16 574 609
13 16 210 267
14 15 100 127
15 16 237 327
16 15 237 284
17 16 243 293
18 15 94 125
19 15 86 100
20 15 467 550
21 14 39 52
22 14 250 266
23 14 188 257
24 14 114 129
25 14 137 140
26 14 172 238
27 14 313 383
28 13 400 475
29 13 630 713
30 14 450 484
31 13 733 763
32 12 388 476
33 14 479 611
34 12 231 304
35 12 439 596
36 14 339 444
37 13 473 529
38 12 294 354
39 13 132 180
40 14 248 312
41 12 343 468
42 12 419 566
43 12 431 604
44 11 625 753
45 12 388 403
46 12 349 447
47 13 199 244
48 11 234 319
49 11 157 173
50 12 108 128
51 11 136 139
52 11 85 93
53 11 592 808
54 10 501 690
55 10 205 293
56 11 163 198
57 10 186 211
58 10 102 135
59 11 328 440
60 10 235 296
61 10 65 69
62 11 334 405
63 11 254 319
64 10 110 154
65 10 161 210
66 10 168 199
67 11 159 170
68 10 165 232
69 11 115 172
70 10 433 582
71 10 91 139
72 9 150 208
73 10 211 304
74 10 237 349
75 9 184 242
76 10 276 328
77 9 140 183
78 9 109 140
79 9 168 192
80 9 262 439
81 8 87 118
82 8 254 378
83 8 132 180
84 9 243 378
85 9 86 123
86 8 22 27
87 8 50 62
88 8 43 48
89 8 34 39
90 7 167 256
91 7 65 101
92 8 271 404
93 8 120 192
94 7 82 130
95 8 96 151
96 7 51 66
97 6 36 46
98 6 44 55
99 6 101 173
