0 26 224 239
1 22 142 146
2 22 254 342
3 22 179 197
4 20 310 426
5 20 172 190
6 20 229 305
7 20 291 337
8 17 96 141
9 17 415 530
10 17 193 250
11 16 718 743
12 16 562 646
13 17 204 291
14 15 79 103
15 17 226 328
16 15 203 269
17 16 249 312
18 15 77 103
19 15 84 101
20 15 431 492
21 15 35 44
22 14 249 266
23 14 135 186
24 14 111 127
25 14 137 142
26 14 150 214
27 13 360 477
28 14 371 453
29 14 528 618
30 14 443 520
31 13 743 803
32 12 375 530
33 12 429 554
34 12 191 280
35 13 444 605
36 12 307 398
37 12 432 539
38 12 281 402
39 13 124 169
40 13 162 228
41 12 234 365
42 11 230 314
43 12 326 489
44 11 520 645
45 12 388 407
46 12 280 382
47 13 177 221
48 11 220 294
49 12 146 169
50 12 107 140
51 11 134 147
52 11 86 100
53 10 474 697
54 10 438 663
55 11 208 291
56 10 140 173
57 10 179 219
58 10 92 121
59 12 291 421
60 10 224 292
61 10 64 69
62 11 334 405
63 11 245 322
64 10 93 134
65 10 107 137
66 10 156 203
67 11 159 173
68 10 228 358
69 11 79 108
70 10 409 590
71 10 63 97
72 9 131 216
73 10 127 179
74 9 124 185
75 9 145 192
76 9 225 336
77 9 115 163
78 9 100 134
79 9 163 215
80 9 172 291
81 8 75 107
82 8 206 333
83 8 131 184
84 9 175 289
85 9 69 100
86 8 22 27
87 8 50 62
88 8 46 57
89 8 35 44
90 7 107 189
91 7 52 82
92 8 145 259
93 8 120 192
94 7 77 132
95 8 82 135
96 7 48 71
97 6 36 50
98 6 38 51
99 6 101 173