0 30 3534 4370
1 27 2226 2659
2 25 1390 1520
3 24 5860 7931
4 25 8835 9657
5 26 7782 8027
6 25 10466 11095
7 24 4066 4292
8 24 6438 7112
9 23 2686 3105
10 22 1217 1634
11 23 4730 6187
12 20 673 934
13 20 2714 3356
14 21 1925 2097
15 22 5364 5899
16 21 15506 19036
17 19 4092 4374
18 20 8586 11492
19 21 5575 6492
20 18 22045 26567
21 19 10922 12197
22 19 890 1140
23 18 1816 2206
24 20 1929 2164
25 18 1754 1842
26 18 20404 21844
27 18 6104 6956
28 18 446 565
29 18 4649 6165
30 16 515 746
31 18 1170 1673
32 17 713 952
33 18 1925 2630
34 17 4520 5414
35 17 1542 1946
36 15 3469 4764
37 15 2169 2628
38 15 1877 2474
39 15 973 1207
40 16 650 1129
41 15 3268 3979
42 14 6879 9109
43 13 2441 3720
44 15 9841 14198
45 14 3881 5535
46 14 695 899
47 15 3205 3989
48 13 15259 22379
49 13 4791 6828
50 12 2849 4659
51 12 10247 16403
52 13 170 236
53 13 6974 7896
54 13 5012 6352
55 13 1662 2422
56 12 6306 8982
57 13 3100 4258
58 13 617 925
59 12 4324 5781
60 13 325 441
61 12 923 1615
62 14 1351 2101
63 12 9674 11851
64 12 864 1222
65 14 3430 4219
66 12 1484 2419
67 13 727 1233
68 14 427 624
69 13 1092 1578
70 11 2345 3366
71 13 3066 4195
72 11 53 75
73 12 1485 2308
74 12 3113 4165
75 12 3424 5243
76 12 1252 1919
77 13 1538 2425
78 11 4416 7496
79 12 2876 4006
80 10 285 444
81 11 660 1112
82 10 2102 2606
83 10 319 570
84 10 3307 5288
85 11 808 1308
86 11 366 596
87 11 223 398
88 9 460 801
89 10 1429 2511
90 9 771 1136
91 10 736 1198
92 11 641 1007
93 9 369 607
94 8 703 1175
95 9 1802 2647
96 8 368 627
97 7 330 564
98 8 172 322
99 7 304 552
