0 29 3617 4483
1 27 2218 2559
2 26 1717 2016
3 25 6051 8262
4 24 9045 9798
5 25 7962 8308
6 23 10728 11545
7 24 4256 4590
8 23 6398 7207
9 24 3315 4052
10 21 1348 1750
11 21 4836 6222
12 20 1052 1527
13 21 3029 3759
14 21 2393 2878
15 21 5282 5404
16 20 15601 18969
17 20 4296 4563
18 19 9267 12096
19 20 5959 7009
20 18 27186 32686
21 20 11132 12091
22 19 1093 1423
23 19 2336 2886
24 19 2002 2249
25 18 1771 1870
26 18 20403 21761
27 18 6211 7026
28 18 471 563
29 18 5274 6693
30 16 2336 3675
31 18 1735 2506
32 17 1446 2165
33 16 2464 3215
34 16 4415 5352
35 16 2048 2772
36 15 4335 5947
37 14 2688 3430
38 15 2145 2849
39 15 1202 1492
40 15 557 948
41 15 3130 3717
42 14 7873 10233
43 13 3932 5854
44 15 14524 19512
45 15 4492 6413
46 14 721 950
47 15 4477 5644
48 13 17176 24275
49 13 6201 8566
50 12 3638 5587
51 12 10882 17265
52 13 180 250
53 13 7044 7904
54 13 4300 5309
55 13 2177 3196
56 13 7363 9470
57 14 3224 4421
58 13 545 813
59 12 4695 6262
60 13 343 466
61 12 1140 1887
62 12 1506 2223
63 14 10264 12604
64 13 1267 1585
65 14 3397 4093
66 13 2601 4121
67 13 997 1607
68 15 581 833
69 13 1461 1946
70 11 3072 4227
71 13 3707 4787
72 11 59 78
73 12 2061 3099
74 11 4115 5513
75 12 4722 7228
76 12 1397 2059
77 12 930 1434
78 11 4712 7854
79 12 3019 4139
80 10 375 622
81 11 740 1129
82 10 2272 2784
83 10 560 942
84 10 4422 7124
85 10 609 946
86 10 348 583
87 11 713 1204
88 9 495 853
89 10 1911 3209
90 9 955 1301
91 10 1147 1770
92 11 564 868
93 9 541 869
94 8 772 1242
95 9 1765 2683
96 8 1011 1655
97 8 430 707
98 8 580 1057
99 7 430 764
