25 230 247
22 142 145
21 314 423
22 213 244
20 382 520
20 174 182
20 228 282
20 291 325
17 122 168
18 472 574
17 187 241
16 740 773
16 574 609
16 210 267
15 100 127
16 237 327
15 237 284
16 243 293
15 94 125
15 86 100
15 467 550
14 39 52
14 250 266
14 188 257
14 114 129
14 137 140
14 172 238
14 313 383
13 400 475
13 630 713
14 450 484
13 733 763
12 388 476
14 479 611
12 231 304
12 439 596
14 339 444
13 473 529
12 294 354
13 132 180
14 248 312
12 343 468
12 419 566
12 431 604
11 625 753
12 388 403
12 349 447
13 199 244
11 234 319
11 157 173
12 108 128
11 136 139
11 85 93
11 592 808
10 501 690
10 205 293
11 163 198
10 186 211
10 102 135
11 328 440
10 235 296
10 65 69
11 334 405
11 254 319
10 110 154
10 161 210
10 168 199
11 159 170
10 165 232
11 115 172
10 433 582
10 91 139
9 150 208
10 211 304
10 237 349
9 184 242
10 276 328
9 140 183
9 109 140
9 168 192
9 262 439
8 87 118
8 254 378
8 132 180
9 243 378
9 86 123
8 22 27
8 50 62
8 43 48
8 34 39
7 167 256
7 65 101
8 271 404
8 120 192
7 82 130
8 96 151
7 51 66
6 36 46
6 44 55
6 101 173
