0 44 4978 5698 
1 42 1619 2088 
2 41 1738 1949 
3 51 580 840 
4 43 4139 4378 
5 41 591 658 
6 39 3038 3265 
7 41 1471 1771 
8 40 947 1122 
9 40 435 531 
10 37 10428 11672 
11 40 9010 10256 
12 37 4494 5192 
13 36 4863 5535
14 38 2309 2580 
15 40 608 735 
16 39 1562 1737 
17 39 898 937 
18 41 696 796 
19 39 328 383 
20 44 526 636 
21 39 319 422 
22 37 4885 5461 
23 40 7111 8099 
24 37 4686 5064 
25 43 894 1119 
26 39 3601 3724 
27 36 919 980 
28 36 309 343 
29 36 7065 7331 
30 35 3493 3542 
31 36 1276 1407 
32 37 1594 1969 
33 37 1561 2014 
34 35 807 959 
35 42 737 814 
36 35 940 1010 
37 38 361 487 
38 35 204 239 
39 37 204 270 
40 34 4291 5304 
41 39 2652 2875 
42 34 1784 1967 
43 33 3423 3862
44 34 1785 2085 
45 33 1278 1423
46 33 1479 1720
47 40 784 894 
48 36 1789 1861 
49 35 1368 1487 
50 39 750 927 
51 35 869 924 
52 34 805 831 
53 33 126 154
54 34 8891 10158 
55 33 6069 6655 
56 32 6262 6733
57 32 5603 6815
58 34 7408 7708 
59 33 2859 3269 
60 36 3858 4444 
61 32 3414 3758
62 34 1356 1418 
63 34 2620 3046 
64 34 1273 1422 
65 33 1775 1856 
66 32 967 1266
67 34 539 597 
68 35 1279 1551 
69 32 781 930
70 32 537 589
71 32 565 635
72 34 537 606 
73 37 294 360 
74 32 325 343
75 33 269 321 
76 34 289 370 
77 32 70 75
78 34 8524 9768 
79 33 7041 7821 
80 33 7509 8219 
81 33 7956 8991 
82 34 8053 8946 
83 31 4794 5191
84 32 2987 3106 
85 32 2863 3508 
86 34 980 1222 
87 35 1568 1804 
88 31 3428 3630
89 33 1220 1302 
90 31 1681 2345
91 32 2607 2950 
92 32 1246 1441 
93 34 2491 2551 
94 34 1328 1449 
95 32 464 564 
96 32 224 303 
97 32 163 222 
98 35 225 264 
99 32 158 167 
