27 1436 1593
24 5367 5669
24 2617 2684
22 3402 3764
22 492 496
22 938 970
20 4325 4518
20 440 534
19 2448 3000
19 252 325
18 541 705
18 1040 1216
18 2288 2575
18 1721 2043
18 1195 1493
18 1321 1325
18 593 707
17 5123 5636
17 224 293
17 1985 1998
16 7796 8170
16 1733 2591
16 5178 6322
16 1430 1674
16 2063 2204
16 2340 3039
16 1090 1373
16 1191 1269
16 976 1034
15 3208 3501
15 2169 2342
15 4411 4651
15 1806 1907
15 2099 2199
15 2159 2251
15 796 918
14 3073 3146
14 189 194
14 3910 4455
14 1559 1668
14 1776 2224
14 2724 2837
14 669 739
14 1114 1213
14 1914 2171
14 1750 1843
14 714 920
14 304 352
14 235 245
13 1110 1334
13 2664 3521
13 979 1121
13 924 1149
13 1669 2052
13 279 357
13 1046 1118
13 722 916
12 1603 2701
12 1697 1925
12 2039 2538
12 1285 1373
12 1918 2756
12 1424 1618
12 1099 1424
12 877 1116
12 1975 2086
12 756 833
12 893 1012
11 1987 2855
11 2768 3453
11 1892 2513
11 910 1278
11 2924 3201
11 2447 2702
11 2128 2572
11 2436 2632
11 1276 1343
11 547 668
11 1270 1463
11 658 902
10 2575 2953
10 1020 1286
10 1134 1681
10 420 516
10 455 579
10 463 542
10 256 317
9 4512 5612
9 652 1036
9 1362 1734
9 969 1143
9 1802 2007
9 534 660
9 466 684
9 949 1056
8 183 241
8 204 239
8 1767 2034
8 308 383
7 573 787
