28 1298 1460
24 4801 5160
25 2214 2663
23 2782 3024
22 490 497
24 899 1022
20 3858 4818
21 352 440
20 1301 1529
19 133 190
18 355 454
18 912 1137
20 1901 2129
19 1056 1428
19 886 1060
19 1315 1319
18 282 313
18 4069 4643
17 153 218
17 1836 2226
17 7177 8701
17 464 700
17 2687 3718
16 1124 1302
17 1682 2021
17 1397 1737
17 587 717
16 994 1090
16 826 954
16 2557 2907
15 2027 2290
15 4129 4490
15 1384 1871
15 1738 1975
15 1709 2047
16 462 585
15 2906 3086
14 184 197
15 2139 2758
15 1242 1539
15 1007 1353
16 2389 2955
14 502 657
16 1068 1217
17 1689 2219
14 1484 1976
15 586 817
14 228 302
14 215 236
13 642 852
13 734 1147
13 766 924
14 679 812
13 845 1216
14 176 225
13 894 1150
14 502 710
13 240 373
13 1231 1600
12 1156 1693
12 1189 1314
13 788 1202
13 808 997
13 354 506
13 368 438
12 1757 2299
14 680 799
12 710 947
12 313 489
12 1180 1625
13 795 1228
11 351 589
11 2445 3296
12 917 1453
12 932 1375
12 1622 2527
12 974 1258
12 323 461
12 840 1081
12 330 514
12 1133 1814
11 693 932
12 539 822
11 281 397
11 344 501
12 293 352
10 187 235
10 1334 2246
9 170 233
10 732 1005
10 734 946
10 1312 1972
10 203 303
10 161 234
10 545 722
8 127 183
8 189 216
8 1509 2043
9 170 265
8 268 397
