27 1456 1608
25 5181 5512
24 2609 2689
23 3439 3799
22 492 496
22 953 983
20 4361 4601
21 377 473
20 2464 3157
19 202 264
18 486 634
19 1074 1295
20 2234 2554
20 1797 2088
19 1057 1329
18 1317 1319
18 591 738
18 5087 5703
17 255 347
18 1998 2033
18 7814 8200
17 1075 1613
17 4474 5934
16 1158 1350
17 2077 2335
17 1758 2265
17 946 1246
16 1159 1243
16 907 1001
16 3159 3464
17 2378 2654
16 4474 4752
16 1744 1879
15 1919 2037
16 2073 2319
16 624 778
15 3110 3329
15 195 200
15 3688 4301
15 1567 1750
16 2137 2741
15 2606 2909
14 665 752
14 1376 1652
16 1755 2195
15 1739 1860
14 819 1025
14 299 387
14 228 241
14 993 1266
14 2727 3722
13 950 1083
14 868 1098
13 1389 1833
14 322 429
13 1056 1194
15 767 986
13 468 779
13 1394 1659
12 1750 2274
12 1346 1487
14 2730 3917
13 1500 1891
13 711 1051
13 906 1269
12 1955 2247
13 764 880
12 853 1028
12 1054 1679
13 3397 4473
12 1747 2324
11 801 1238
11 2903 3414
12 2616 3008
12 1705 2334
12 2249 2777
12 1231 1434
13 519 665
12 990 1226
13 563 834
12 2569 3161
11 995 1306
12 909 1395
11 446 570
12 567 758
11 374 455
10 271 348
10 4260 6225
10 410 652
10 1396 1844
10 956 1204
10 1741 2129
11 502 670
10 399 628
10 879 1071
9 193 288
8 228 275
8 1770 2221
9 348 453
9 570 857
