25 230 243
22 143 145
21 389 481
21 210 222
19 536 611
19 192 207
19 284 293
18 320 352
17 159 205
17 533 565
17 263 295
16 827 899
16 576 583
16 275 322
15 132 167
15 395 421
15 238 243
15 291 309
15 119 156
15 88 91
14 649 736
14 51 65
14 256 267
14 241 249
14 127 147
14 137 137
13 259 330
13 747 807
13 496 587
13 665 692
13 459 475
12 774 817
12 498 589
12 811 879
12 401 486
12 618 647
12 315 382
12 475 479
12 338 379
12 329 428
12 301 334
11 434 497
11 461 501
11 709 834
11 732 802
11 388 403
11 390 472
11 223 248
11 276 313
11 159 164
11 137 149
11 136 137
11 87 93
10 720 796
10 721 831
10 270 299
10 191 207
10 206 231
10 114 142
10 440 473
10 284 331
10 70 77
10 368 392
10 330 365
10 147 193
10 206 217
10 169 183
10 163 175
9 460 606
9 137 204
9 677 778
9 272 355
9 205 269
9 297 375
9 351 431
9 285 348
9 308 351
9 179 200
9 138 179
9 184 196
8 809 943
8 124 158
8 392 492
8 185 230
8 365 461
8 138 172
8 26 31
8 52 61
8 52 62
8 35 40
7 316 415
7 85 124
7 394 526
7 222 328
7 145 215
7 122 145
7 64 76
6 39 48
6 47 50
5 141 197
