26 224 239
22 142 146
22 254 342
22 179 197
20 310 426
20 172 190
20 229 305
20 291 337
17 96 141
17 415 530
17 193 250
16 718 743
16 562 646
17 204 291
15 79 103
17 226 328
15 203 269
16 249 312
15 77 103
15 84 101
15 431 492
15 35 44
14 249 266
14 135 186
14 111 127
14 137 142
14 150 214
13 360 477
14 371 453
14 528 618
14 443 520
13 743 803
12 375 530
12 429 554
12 191 280
13 444 605
12 307 398
12 432 539
12 281 402
13 124 169
13 162 228
12 234 365
11 230 314
12 326 489
11 520 645
12 388 407
12 280 382
13 177 221
11 220 294
12 146 169
12 107 140
11 134 147
11 86 100
10 474 697
10 438 663
11 208 291
10 140 173
10 179 219
10 92 121
12 291 421
10 224 292
10 64 69
11 334 405
11 245 322
10 93 134
10 107 137
10 156 203
11 159 173
10 228 358
11 79 108
10 409 590
10 63 97
9 131 216
10 127 179
9 124 185
9 145 192
9 225 336
9 115 163
9 100 134
9 163 215
9 172 291
8 75 107
8 206 333
8 131 184
9 175 289
9 69 100
8 22 27
8 50 62
8 46 57
8 35 44
7 107 189
7 52 82
8 145 259
8 120 192
7 77 132
8 82 135
7 48 71
6 36 50
6 38 51
6 101 173