27 192 212
22 141 155
21 256 348
22 165 188
20 247 336
22 164 237
22 253 324
20 291 339
19 111 170
18 421 550
17 183 245
16 718 743
16 556 650
20 191 307
15 73 92
16 149 218
15 229 299
16 246 310
15 74 100
15 84 109
15 440 512
14 45 67
14 249 266
15 179 248
14 106 127
14 137 144
14 145 209
14 466 673
13 338 558
14 489 586
14 355 544
12 726 792
12 368 528
13 535 722
12 196 294
12 353 519
12 229 326
12 425 550
12 305 392
13 121 168
12 57 86
11 296 478
11 230 314
12 259 395
11 584 748
12 388 407
12 231 302
12 165 207
12 249 321
12 146 169
12 95 124
11 84 119
11 84 123
10 509 768
10 453 704
11 208 291
11 95 162
10 183 243
10 89 132
12 207 344
10 126 202
10 64 69
11 334 405
12 252 337
10 88 131
12 113 139
10 145 186
10 158 185
10 206 323
10 89 137
10 257 466
10 70 103
9 120 208
10 135 189
9 164 255
9 144 193
9 232 346
9 115 168
9 108 165
9 148 198
9 221 383
8 76 120
8 172 284
8 117 168
9 170 281
9 76 118
8 21 32
8 50 62
8 40 64
8 31 46
7 107 189
7 47 76
8 105 193
8 120 192
7 67 121
8 82 135
7 46 68
6 30 50
6 38 51
6 101 173
