26 229 249
23 139 142
22 280 400
22 177 201
22 274 394
22 178 198
21 185 227
19 291 331
17 117 166
17 426 547
18 198 258
16 720 742
16 567 659
16 206 290
15 86 112
16 116 172
16 169 220
17 212 253
16 81 111
16 77 108
15 450 534
14 35 45
15 241 250
14 133 186
14 115 131
14 137 145
15 143 192
14 289 381
13 370 523
15 548 643
14 422 526
12 718 881
12 341 450
13 431 583
14 228 329
12 298 452
12 303 402
12 406 577
14 299 432
13 116 160
13 190 264
11 250 393
12 370 537
14 358 514
11 501 661
12 388 403
12 302 410
13 176 222
11 170 272
12 126 166
12 94 136
11 134 153
11 84 92
10 540 807
10 524 802
11 209 309
10 115 167
10 185 210
11 86 112
12 153 244
10 228 286
10 64 75
11 239 375
12 199 278
10 99 150
12 108 145
10 154 190
11 161 172
11 213 326
12 100 154
10 374 537
10 92 143
9 137 207
10 122 180
9 222 340
9 129 180
9 171 274
9 127 184
9 109 141
9 157 203
10 211 355
9 69 100
8 155 267
8 129 177
9 186 306
10 70 98
8 22 27
8 42 52
8 43 48
8 31 35
7 63 107
7 58 92
8 140 238
8 86 133
7 75 119
7 56 91
7 41 58
6 32 41
6 31 46
6 61 108
