27 236 248
22 142 144
21 383 497
24 225 253
21 569 658
21 209 240
20 286 298
20 319 350
17 167 225
17 550 596
17 251 295
16 856 944
16 572 577
16 269 331
15 117 148
16 382 453
15 242 249
16 295 318
15 119 156
15 88 91
15 654 797
14 55 72
14 264 281
14 240 256
14 120 137
14 137 137
14 290 380
13 661 891
14 452 525
14 671 712
14 465 485
13 771 815
12 508 607
12 829 868
12 345 430
13 590 639
12 387 455
13 477 490
12 325 362
14 311 413
13 291 341
12 476 560
12 421 514
12 682 879
11 733 797
12 400 423
12 431 538
12 223 266
11 274 325
11 160 164
12 135 153
11 136 139
11 87 93
11 726 918
11 748 878
10 270 326
11 199 215
10 200 228
10 129 164
12 441 486
10 259 320
10 68 73
11 375 405
11 314 374
10 148 199
12 203 235
12 172 193
10 166 175
10 443 599
11 135 194
9 735 833
10 251 350
9 198 277
10 283 373
10 376 460
9 290 358
10 311 356
9 185 219
9 138 179
10 187 202
9 837 990
8 135 174
9 374 481
8 178 236
9 361 491
9 132 187
8 22 26
8 52 61
8 52 62
8 35 40
8 317 465
7 109 157
8 388 561
8 239 373
7 128 203
8 105 135
7 66 81
6 39 48
7 48 53
6 165 226
