27 5826 6777
25 4626 5765
25 2357 2765
23 15826 20556
23 11291 12315
23 8409 8597
22 15927 18768
22 5835 6769
22 7181 7507
22 5377 6316
21 1873 2203
21 6730 7299
20 2472 3289
20 5596 6662
20 4124 4922
20 5626 5806
19 26783 32013
19 6089 6760
19 12120 13230
19 9164 9980
18 46941 54141
18 14963 16236
18 2131 2640
18 3092 3785
18 2377 2523
18 2772 3315
17 24388 25304
17 7459 8083
17 520 592
17 8606 9387
16 8649 10093
16 5550 7268
16 2906 4222
16 3547 4060
15 5527 5751
15 5038 6825
15 8707 9966
14 5552 7038
14 4068 4908
14 1766 2066
14 4002 5643
14 4814 5384
13 14528 17607
13 11937 15811
13 21851 26607
13 12867 17264
13 895 1119
13 5390 6194
12 33423 38716
12 12503 16513
12 10897 15367
12 24728 29912
12 407 610
12 9441 10653
12 7239 8285
12 6146 7422
12 11731 13912
12 8867 11556
12 3371 5255
12 6724 7586
12 547 726
12 5298 7566
12 3660 4851
12 11716 12083
12 2311 2931
12 4474 5109
12 6080 8250
12 6309 8609
12 992 1350
12 3339 4183
11 5335 6924
11 5459 7249
11 63 75
11 8524 12285
11 10396 13448
11 10683 12890
11 3141 3718
11 5162 7123
10 10114 12654
10 7580 10800
10 701 968
10 1578 1756
10 4396 5762
10 1789 2332
10 8559 11636
9 7951 12439
9 4561 6574
9 8215 12302
9 2331 3664
9 5704 7021
9 1397 1620
9 1700 2088
9 1719 2486
9 2829 4069
8 2842 4195
8 8320 12320
8 3069 4431
7 1518 2346
7 4173 6226
6 1824 2920
