30 3534 4370
27 2226 2659
25 1390 1520
24 5860 7931
25 8835 9657
26 7782 8027
25 10466 11095
24 4066 4292
24 6438 7112
23 2686 3105
22 1217 1634
23 4730 6187
20 673 934
20 2714 3356
21 1925 2097
22 5364 5899
21 15506 19036
19 4092 4374
20 8586 11492
21 5575 6492
18 22045 26567
19 10922 12197
19 890 1140
18 1816 2206
20 1929 2164
18 1754 1842
18 20404 21844
18 6104 6956
18 446 565
18 4649 6165
16 515 746
18 1170 1673
17 713 952
18 1925 2630
17 4520 5414
17 1542 1946
15 3469 4764
15 2169 2628
15 1877 2474
15 973 1207
16 650 1129
15 3268 3979
14 6879 9109
13 2441 3720
15 9841 14198
14 3881 5535
14 695 899
15 3205 3989
13 15259 22379
13 4791 6828
12 2849 4659
12 10247 16403
13 170 236
13 6974 7896
13 5012 6352
13 1662 2422
12 6306 8982
13 3100 4258
13 617 925
12 4324 5781
13 325 441
12 923 1615
14 1351 2101
12 9674 11851
12 864 1222
14 3430 4219
12 1484 2419
13 727 1233
14 427 624
13 1092 1578
11 2345 3366
13 3066 4195
11 53 75
12 1485 2308
12 3113 4165
12 3424 5243
12 1252 1919
13 1538 2425
11 4416 7496
12 2876 4006
10 285 444
11 660 1112
10 2102 2606
10 319 570
10 3307 5288
11 808 1308
11 366 596
11 223 398
9 460 801
10 1429 2511
9 771 1136
10 736 1198
11 641 1007
9 369 607
8 703 1175
9 1802 2647
8 368 627
7 330 564
8 172 322
7 304 552
