32 4318 5358
27 1897 2031
27 1555 1804
26 3600 5467
24 8825 9811
26 7755 7928
26 10030 10343
25 4021 4153
24 6218 7376
25 2817 3316
21 906 1285
21 3517 5030
21 678 945
21 2964 3771
21 2081 2378
23 5297 6480
20 12373 18319
21 4244 4588
19 6744 9273
20 4844 5401
18 20829 27936
19 10468 12474
19 784 1039
19 1817 2348
19 1870 2068
20 1737 1827
18 18985 22131
18 6284 7172
18 469 642
18 4474 5860
17 524 813
16 1956 2947
17 937 1316
18 2133 2931
17 3623 4880
16 1722 2261
16 3814 5368
15 1836 2213
14 1445 1984
15 786 1202
16 322 544
15 2690 3169
14 6513 9471
14 2939 4737
15 7308 10839
15 3914 5869
15 820 1005
16 2878 4236
13 9928 16138
14 3919 5824
12 2746 4568
13 8150 13620
13 144 184
13 7122 8078
13 3833 5781
13 1056 1494
13 5202 8338
16 3334 4506
13 472 719
12 3166 4568
13 329 457
12 1596 2712
12 786 1170
12 8955 11469
13 998 1387
14 3107 3841
14 1218 1994
13 419 696
16 464 743
13 833 1297
11 1516 2423
13 3905 5022
11 52 71
13 1121 1598
11 3249 4701
12 2523 4173
12 891 1456
12 1284 2106
14 4404 7507
12 2341 3084
10 388 659
11 455 779
11 2056 2547
10 380 663
11 2750 4650
9 656 1177
9 622 1116
11 284 489
9 296 513
10 840 1498
9 728 1156
9 562 997
10 785 1226
9 371 612
8 444 766
9 1132 1849
10 876 1422
8 543 878
9 178 328
6 174 311
