28 4636 5647
27 4394 5802
26 2110 2557
24 11636 15774
24 10095 10996
26 8488 8886
24 14142 17024
24 5110 5818
23 6787 7010
22 4221 5331
22 1720 2143
22 6491 7434
22 2188 3061
22 4918 5917
21 3601 4492
20 5570 5759
20 24996 30593
20 6039 6995
21 12002 13987
20 9151 10461
19 39408 50793
19 15062 16921
19 1790 2357
19 2723 3380
20 2339 2569
19 2096 2397
18 24660 26342
18 7211 8019
18 527 608
18 8614 9566
16 6629 9054
17 6744 9429
17 2164 3200
17 3445 4055
16 5552 5914
16 3607 5080
15 7668 9713
14 3970 4977
14 2430 3016
16 1731 2011
15 1702 2668
15 4519 5244
14 13410 17128
13 8295 12179
13 22038 26692
14 9496 12997
15 956 1223
14 4995 6111
13 31188 37585
13 10574 14313
12 8471 12082
13 22931 29815
13 315 472
14 9118 10502
13 7890 9429
13 5773 7556
13 9811 12046
13 6430 8793
13 1019 1533
14 7289 8347
13 544 719
13 3382 5217
13 2752 3834
12 11763 12117
13 1410 1681
13 4191 4894
12 4551 6761
13 4465 6709
13 1161 1630
13 2373 2987
11 4058 5440
13 4064 5361
11 63 75
12 4612 7010
11 9008 12569
12 9029 12677
12 2662 3579
12 1991 3013
11 10049 13712
11 3242 4583
10 702 1091
11 1419 1736
11 2517 3241
11 1345 2029
10 7728 11080
10 1561 2431
10 1431 2355
10 3668 5787
9 707 1143
10 4853 7051
10 1341 1674
9 1937 2371
10 734 1108
9 1677 2573
8 1730 2554
9 5928 9310
8 2178 3465
8 1310 2129
8 2859 4556
7 1418 2391
