29 3617 4483
27 2218 2559
26 1717 2016
25 6051 8262
24 9045 9798
25 7962 8308
23 10728 11545
24 4256 4590
23 6398 7207
24 3315 4052
21 1348 1750
21 4836 6222
20 1052 1527
21 3029 3759
21 2393 2878
21 5282 5404
20 15601 18969
20 4296 4563
19 9267 12096
20 5959 7009
18 27186 32686
20 11132 12091
19 1093 1423
19 2336 2886
19 2002 2249
18 1771 1870
18 20403 21761
18 6211 7026
18 471 563
18 5274 6693
16 2336 3675
18 1735 2506
17 1446 2165
16 2464 3215
16 4415 5352
16 2048 2772
15 4335 5947
14 2688 3430
15 2145 2849
15 1202 1492
15 557 948
15 3130 3717
14 7873 10233
13 3932 5854
15 14524 19512
15 4492 6413
14 721 950
15 4477 5644
13 17176 24275
13 6201 8566
12 3638 5587
12 10882 17265
13 180 250
13 7044 7904
13 4300 5309
13 2177 3196
13 7363 9470
14 3224 4421
13 545 813
12 4695 6262
13 343 466
12 1140 1887
12 1506 2223
14 10264 12604
13 1267 1585
14 3397 4093
13 2601 4121
13 997 1607
15 581 833
13 1461 1946
11 3072 4227
13 3707 4787
11 59 78
12 2061 3099
11 4115 5513
12 4722 7228
12 1397 2059
12 930 1434
11 4712 7854
12 3019 4139
10 375 622
11 740 1129
10 2272 2784
10 560 942
10 4422 7124
10 609 946
10 348 583
11 713 1204
9 495 853
10 1911 3209
9 955 1301
10 1147 1770
11 564 868
9 541 869
8 772 1242
9 1765 2683
8 1011 1655
8 430 707
8 580 1057
7 430 764
