32 3390 4179
26 1859 2155
26 1432 1687
24 4768 6945
24 8039 9527
27 7790 8036
24 10404 11013
25 4060 4292
23 6385 7023
23 2427 2888
22 1071 1406
22 4073 5606
29 562 827
20 2311 2798
21 1842 1956
21 5020 6010
20 16278 21089
20 4058 4353
20 8533 11327
20 5518 6426
18 23493 28904
19 11404 13111
20 808 1084
19 1937 2420
19 1596 2405
19 1718 1786
18 21140 23042
18 6084 7204
18 475 580
18 4034 5457
17 739 1137
19 1848 2856
17 504 658
18 2069 3056
16 4166 5083
17 1629 2160
15 3307 4606
14 1792 2064
14 1354 1972
15 1169 1490
17 635 1130
15 3160 3859
14 6840 9020
13 2313 3436
15 8277 11696
14 3800 5502
14 498 665
15 3146 3886
13 15110 22127
13 4251 6245
12 2797 4551
12 9914 16161
12 130 195
13 6974 7896
13 5012 6352
13 1553 2233
12 6306 8982
13 3386 4609
13 606 915
12 4258 5704
14 290 454
12 830 1453
12 1275 2054
12 9656 11868
12 864 1222
13 3287 4580
12 1316 2278
13 502 872
14 386 552
13 941 1406
11 2337 3356
12 2124 3168
11 44 61
12 1152 1948
12 2884 4023
12 3424 5243
12 1221 1855
13 1557 2465
11 4416 7496
12 2633 3718
10 257 377
11 333 581
10 2086 2595
10 299 537
10 3307 5288
10 1598 2678
9 578 973
11 375 686
9 460 801
10 1429 2511
10 764 1241
10 647 1084
11 489 780
9 351 571
8 703 1175
9 1802 2647
8 320 567
8 287 505
8 201 377
7 304 552
