0 41 4891 5280 
1 42 2379 3019 
2 40 1746 1930
3 40 759 804
4 40 4141 4296 
5 40 634 672 
6 39 3227 3427 
7 38 1564 1785
8 39 1057 1120 
9 39 605 744 
10 37 11296 12528 
11 39 9663 10907 
12 38 4262 4975 
13 36 5441 6172
14 38 2394 2498 
15 38 632 676 
16 38 1566 1635 
17 36 917 947
18 38 685 755 
19 37 345 385 
20 37 509 540 
21 36 391 451
22 36 5190 5587 
23 38 6990 7802 
24 35 4796 4914
25 36 1035 1233 
26 36 3574 3662 
27 35 965 976
28 36 319 327 
29 35 7480 7833 
30 35 3511 3541 
31 37 1299 1454 
32 35 1909 2346 
33 34 1508 1769
34 35 779 904 
35 36 762 822 
36 34 1009 1096
37 35 497 580 
38 34 292 356
39 35 284 365 
40 35 5369 5661 
41 37 2806 3112 
42 34 1889 2037 
43 34 3820 4027 
44 34 2036 2308 
45 33 1339 1426
46 34 1704 1821 
47 35 813 905 
48 33 1774 1822
49 33 1375 1449
50 35 863 980 
51 35 917 941 
52 34 809 834 
53 33 152 168
54 34 10122 11425 
55 33 6257 6442 
56 33 7569 8215 
57 32 5545 6835
58 33 7787 8150 
59 34 3024 3417 
60 32 3680 4168
61 33 3595 3980 
62 35 1427 1517 
63 33 2928 3312 
64 35 1383 1502 
65 33 1783 1849 
66 32 1203 1489
67 33 632 730 
68 33 1408 1513 
69 33 834 869 
70 32 545 563
71 32 665 734
72 35 550 597 
73 34 318 350 
74 32 323 330
75 33 239 263 
76 33 390 452 
77 32 70 74
78 33 8993 9635 
79 33 7168 7642 
80 32 8307 9243 
81 32 8228 9135 
82 33 8299 8402 
83 34 5373 5801 
84 32 3439 3645 
85 31 2896 3467
86 33 1038 1178 
87 34 1655 1885 
88 32 3802 4164 
89 31 1282 1347
90 32 1943 2377 
91 31 2904 3054
92 31 1297 1411
93 34 2502 2516 
94 33 1426 1575 
95 32 451 515 
96 31 259 313
97 31 195 240
98 32 224 227 
99 31 170 173
