0 45 4768 5145 
1 42 2055 2686 
2 40 1716 1913
3 40 714 878
4 41 4161 4338 
5 40 603 652 
6 38 3155 3358
7 41 1435 1690 
8 39 1027 1084 
9 38 465 577 
10 37 9974 11028 
11 37 9855 11240 
12 39 4846 5469 
13 37 5352 6125 
14 38 2325 2412 
15 38 611 642 
16 38 1529 1591 
17 37 902 928 
18 38 678 770 
19 37 342 382 
20 37 495 523 
21 36 372 447
22 37 4802 5358 
23 37 6324 7114 
24 36 4722 4877 
25 36 1020 1237 
26 36 3565 3665 
27 35 938 999
28 35 313 344
29 35 7045 7312 
30 35 3495 3516 
31 36 1284 1391 
32 36 1512 1778 
33 35 1407 1689 
34 35 730 841 
35 36 751 816 
36 37 932 989 
37 36 456 533 
38 34 262 323
39 34 265 350
40 35 5186 5574 
41 38 2707 2952 
42 34 1840 1998 
43 35 3682 3913 
44 34 1888 2200 
45 33 1325 1423
46 33 1642 1859
47 35 799 884 
48 34 1780 1845 
49 33 1255 1444
50 35 842 1000 
51 34 891 949 
52 33 802 825
53 33 149 173
54 34 9086 10413 
55 33 6135 6451 
56 32 6261 6658
57 32 5471 6855
58 34 7455 7750 
59 33 2951 3348 
60 34 3924 4509 
61 32 3246 3496
62 35 1421 1532 
63 33 2640 3073 
64 35 1286 1373 
65 33 1769 1835 
66 32 985 1298
67 34 544 602 
68 33 1260 1468 
69 32 809 901
70 33 541 559 
71 32 616 697
72 33 507 547 
73 33 302 329 
74 32 325 337
75 33 235 256 
76 34 331 423 
77 32 70 74
78 33 8834 9612 
79 33 7013 7525 
80 32 7023 7382 
81 31 8005 8999
82 34 8259 8358 
83 31 4931 5367
84 32 3303 3524 
85 31 2386 2979
86 33 1007 1130 
87 32 1626 1901 
88 31 3506 3736
89 32 1313 1405 
90 31 1756 2408
91 31 2833 3088
92 32 1282 1404 
93 33 2497 2548 
94 34 1364 1484 
95 32 458 542 
96 31 249 311
97 31 179 225
98 32 222 233 
99 31 169 174
