0 44 4715 5118 
1 45 1993 2582 
2 41 1639 1969 
3 41 565 709 
4 41 4178 4309 
5 40 612 667 
6 40 3262 3441 
7 40 1389 1683 
8 41 1085 1175 
9 37 372 483
10 37 10812 12397 
11 43 9050 10503 
12 43 4693 5560 
13 40 5195 5997 
14 40 2341 2428 
15 38 618 653 
16 39 1546 1605 
17 38 916 937 
18 39 636 699 
19 38 351 399 
20 37 496 532 
21 37 343 408 
22 35 5092 5613
23 39 6882 8122 
24 38 4650 5121 
25 38 939 1073 
26 39 3603 3711 
27 36 913 1018 
28 37 314 342 
29 39 7493 7853 
30 35 3504 3543 
31 38 1322 1481 
32 37 1600 1949 
33 40 1573 1905 
34 35 777 907 
35 37 809 921 
36 34 936 985
37 38 450 537 
38 34 262 319
39 35 210 278 
40 35 4874 5920 
41 39 2544 2675 
42 34 1838 2039 
43 34 3653 3903 
44 34 2043 2386 
45 34 1342 1440 
46 34 1470 1769 
47 37 812 906 
48 35 1775 1842 
49 34 1148 1379 
50 35 785 905 
51 37 889 990 
52 36 795 826 
53 33 145 164
54 36 10924 12990 
55 34 6129 6720 
56 33 6487 7097 
57 33 4093 5790 
58 35 7260 7578 
59 34 2939 3290 
60 34 3154 3795 
61 33 3161 3432 
62 34 1430 1529 
63 33 2333 2794 
64 37 1365 1469 
65 33 1727 1783 
66 36 938 1309 
67 34 576 654 
68 34 1315 1581 
69 33 749 967 
70 33 543 573 
71 33 611 697 
72 35 496 524 
73 34 293 311 
74 33 318 322 
75 33 231 249 
76 35 329 419 
77 32 67 71
78 33 9115 9847 
79 33 7063 7468 
80 34 7083 7574 
81 34 7661 8542 
82 37 8258 8426 
83 32 4748 5205 
84 33 3306 3501 
85 35 3540 4363 
86 32 1006 1144 
87 33 1509 1646 
88 34 3578 3796 
89 33 1290 1362 
90 33 883 1178 
91 33 2777 3058 
92 33 1257 1346 
93 31 2458 2573
94 35 1472 1674 
95 32 432 496 
96 31 248 311
97 31 204 251
98 31 224 237
99 31 169 172
