0 42 5818 6391 
1 41 2852 3050 
2 40 1790 1834
3 40 793 823
4 41 4326 4495 
5 40 649 680 
6 39 3864 4416 
7 41 1727 1813 
8 39 1064 1129 
9 38 884 1046 
10 37 13822 16098 
11 37 12704 14547 
12 37 5823 6561 
13 36 5936 6343
14 38 2902 3159 
15 38 655 717 
16 37 1736 1830 
17 36 930 961
18 39 759 824 
19 37 368 411 
20 37 581 645 
21 37 447 496 
22 36 6358 6983 
23 37 7426 7905 
24 36 5366 5762 
25 36 1577 1893 
26 37 3689 3764 
27 37 1004 1016 
28 35 324 331
29 37 8750 9783 
30 35 3516 3547 
31 37 1456 1545 
32 35 2338 2628 
33 35 1644 1805 
34 35 865 1001 
35 36 866 945 
36 34 1279 1386
37 35 663 748 
38 34 358 418
39 35 353 407 
40 35 5720 5875 
41 35 3722 4505 
42 34 2121 2343 
43 33 4008 4150
44 33 2468 2590
45 36 1499 1580 
46 33 1784 1807
47 35 982 1136 
48 34 1823 1836 
49 33 1396 1400
50 35 1064 1159 
51 34 921 938 
52 33 831 862
53 33 165 180
54 34 12168 13704 
55 33 6238 6401 
56 32 8000 8380
57 32 6247 6518
58 33 8095 8284 
59 33 4114 4828 
60 33 4047 4391 
61 33 4364 4876 
62 33 1751 1941 
63 32 3070 3264
64 35 1570 1749 
65 33 2181 2398 
66 34 1498 1606 
67 33 982 1148 
68 33 1491 1592 
69 32 885 941
70 33 554 559 
71 34 756 827 
72 35 597 630 
73 34 403 460 
74 32 329 339
75 34 302 355 
76 34 440 487 
77 32 70 73
78 33 10387 11327 
79 33 10593 12565 
80 32 10991 11930 
81 31 11287 12614
82 34 8325 8440 
83 31 5936 6265
84 32 3522 3747 
85 32 3892 4196 
86 33 1276 1492 
87 33 2727 3082 
88 31 4062 4397
89 33 1473 1624 
90 33 2254 2400 
91 31 2986 3126
92 34 1419 1548 
93 31 2503 2508
94 34 1994 2234 
95 33 603 732 
96 31 305 360
97 31 212 251
98 31 226 229
99 31 171 174
